train_loss: 6.572851932567099
val_loss: 28.502214431762695
test_loss: 39.30295600891113
min_lr: 0.0003668282393464637
max_lr: 0.010271190701700983
total_time: 15.459218740463257
average_epoch_time: 0.07720041036605835
train_mse: 4.81709098815918
train_mae: 1.3659148216247559
train_rmse: 2.194787230726291
train_r2: 0.9416258931159973
val_mse: 28.933259963989258
val_mae: 4.101555824279785
val_rmse: 5.378964581031303
val_r2: 0.6531116962432861
test_mse: 39.732627868652344
test_mae: 4.710180759429932
test_rmse: 6.303382256269434
test_r2: 0.5701395273208618
