# Overall best trial re-evaluation across model seeds
trial_number: 81
patch_size: 112
val_objective_best: 3.801277
direction: minimize
seeds: [0, 1, 2, 3, 4]
per_seed_metrics:
  - seed: 0
      train_loss: 2.840548
      val_loss: 16.552074
      test_loss: 38.519150
      min_lr: 0.000027
      max_lr: 0.002494
      total_time: 56.647694
      average_epoch_time: 0.282597
      train_mse: 2.759086
      train_mae: 1.323175
      train_rmse: 1.661050
      train_r2: 0.966565
      val_mse: 16.500683
      val_mae: 3.034153
      val_rmse: 4.062103
      val_r2: 0.802169
      test_mse: 40.066868
      test_mae: 3.653398
      test_rmse: 6.329839
      test_r2: 0.566523
  - seed: 1
      train_loss: 3.420347
      val_loss: 17.461759
      test_loss: 38.624329
      min_lr: 0.000027
      max_lr: 0.002494
      total_time: 55.137652
      average_epoch_time: 0.275125
      train_mse: 3.523277
      train_mae: 1.484898
      train_rmse: 1.877039
      train_r2: 0.957304
      val_mse: 17.755798
      val_mae: 3.013032
      val_rmse: 4.213763
      val_r2: 0.787121
      test_mse: 40.105431
      test_mae: 3.754832
      test_rmse: 6.332885
      test_r2: 0.566106
  - seed: 2
      train_loss: 6.233416
      val_loss: 15.881122
      test_loss: 36.843044
      min_lr: 0.000027
      max_lr: 0.002494
      total_time: 55.548267
      average_epoch_time: 0.277152
      train_mse: 6.347829
      train_mae: 1.961510
      train_rmse: 2.519490
      train_r2: 0.923076
      val_mse: 16.368559
      val_mae: 3.099138
      val_rmse: 4.045808
      val_r2: 0.803753
      test_mse: 38.280998
      test_mae: 3.644618
      test_rmse: 6.187164
      test_r2: 0.585845
  - seed: 3
      train_loss: 1.657253
      val_loss: 14.404079
      test_loss: 38.629888
      min_lr: 0.000027
      max_lr: 0.002494
      total_time: 54.674457
      average_epoch_time: 0.272703
      train_mse: 1.631048
      train_mae: 1.030409
      train_rmse: 1.277125
      train_r2: 0.980235
      val_mse: 14.417377
      val_mae: 2.692017
      val_rmse: 3.797022
      val_r2: 0.827146
      test_mse: 40.224915
      test_mae: 3.667428
      test_rmse: 6.342311
      test_r2: 0.564814
  - seed: 4
      train_loss: 2.749839
      val_loss: 16.662093
      test_loss: 27.681359
      min_lr: 0.000027
      max_lr: 0.002494
      total_time: 55.549534
      average_epoch_time: 0.277061
      train_mse: 2.782287
      train_mae: 1.342512
      train_rmse: 1.668019
      train_r2: 0.966284
      val_mse: 16.220764
      val_mae: 2.960287
      val_rmse: 4.027501
      val_r2: 0.805525
      test_mse: 28.681763
      test_mae: 3.194882
      test_rmse: 5.355536
      test_r2: 0.689697
aggregates:
  train_loss:
    mean: 3.380281
    std: 1.717526
  val_loss:
    mean: 16.192225
    std: 1.146324
  test_loss:
    mean: 36.059554
    std: 4.744531
  min_lr:
    mean: 0.000027
    std: 0.000000
  max_lr:
    mean: 0.002494
    std: 0.000000
  total_time:
    mean: 55.511521
    std: 0.730435
  average_epoch_time:
    mean: 0.276928
    std: 0.003651
  train_mse:
    mean: 3.408705
    std: 1.776657
  train_mae:
    mean: 1.428501
    std: 0.340677
  train_rmse:
    mean: 1.800544
    std: 0.456542
  train_r2:
    mean: 0.958693
    std: 0.021530
  val_mse:
    mean: 16.252636
    std: 1.194116
  val_mae:
    mean: 2.959725
    std: 0.157706
  val_rmse:
    mean: 4.029239
    std: 0.149442
  val_r2:
    mean: 0.805143
    std: 0.014317
  test_mse:
    mean: 37.471995
    std: 4.979196
  test_mae:
    mean: 3.583032
    std: 0.221383
  test_rmse:
    mean: 6.109547
    std: 0.426364
  test_r2:
    mean: 0.594597
    std: 0.053869
