train_loss: 2.7498391400212827
val_loss: 16.662093353271484
test_loss: 27.68135871887207
min_lr: 2.740824532528039e-05
max_lr: 0.0024941503246005154
total_time: 55.54953384399414
average_epoch_time: 0.27706111669540406
train_mse: 2.7822868824005127
train_mae: 1.342511534690857
train_rmse: 1.6680188495339352
train_r2: 0.966283917427063
val_mse: 16.22076416015625
val_mae: 2.96028733253479
val_rmse: 4.0275009820180365
val_r2: 0.8055250644683838
test_mse: 28.6817626953125
test_mae: 3.1948821544647217
test_rmse: 5.355535705726599
test_r2: 0.6896969676017761
