train_loss: 0.24006441489539362
val_loss: 0.601869347691536
test_loss: 0.5592107445001602
min_lr: 1.4111830692140996e-05
max_lr: 0.0006068087197620628
total_time: 25.294663667678833
average_epoch_time: 0.12641407132148744
train_accuracy: 0.9214285714285714
train_precision: 0.9331730267582118
train_recall: 0.9214285714285714
train_f1: 0.9191374201062307
train_roc_auc: 0.9965447845804988
train_log_loss: 0.24065187368307192
train_avg_precision: 0.9759016650443207
train_mcc: 0.9144335428912512
val_accuracy: 0.8066666666666666
val_precision: 0.8150796348183961
val_recall: 0.8066666666666666
val_f1: 0.7981390349349284
val_roc_auc: 0.9742222222222222
val_log_loss: 0.5956300067054643
val_avg_precision: 0.8422923311539713
val_mcc: 0.7885706500902562
test_accuracy: 0.8
test_precision: 0.800756793262355
test_recall: 0.8
test_f1: 0.7927477645391574
test_roc_auc: 0.9755802469135804
test_log_loss: 0.5656278586716853
test_avg_precision: 0.8407759282157664
test_mcc: 0.7801022860757456
