train_loss: 0.158978230912577
val_loss: 0.630578088760376
test_loss: 0.5273899406194686
min_lr: 4.1026853450230277e-05
max_lr: 0.0021744232328622048
total_time: 31.463313102722168
average_epoch_time: 0.157260262966156
train_accuracy: 0.9457142857142857
train_precision: 0.9492618578251303
train_recall: 0.9457142857142857
train_f1: 0.9455045969637543
train_roc_auc: 0.9981269841269841
train_log_loss: 0.15927183694345112
train_avg_precision: 0.9848117708907472
train_mcc: 0.9401538006288621
val_accuracy: 0.7666666666666667
val_precision: 0.7728010106755117
val_recall: 0.7666666666666667
val_f1: 0.7664758598105386
val_roc_auc: 0.970432098765432
val_log_loss: 0.6290127436820613
val_avg_precision: 0.8290266287268415
val_mcc: 0.7415651602955554
test_accuracy: 0.7933333333333333
test_precision: 0.8013561151492187
test_recall: 0.7933333333333333
test_f1: 0.7932518893535843
test_roc_auc: 0.9800617283950616
test_log_loss: 0.5223442046641767
test_avg_precision: 0.8708371243204095
test_mcc: 0.7713804926392094
