train_loss: 0.21674214913086456
val_loss: 0.5722153782844543
test_loss: 0.4969379216432571
min_lr: 0.00013949631080156693
max_lr: 0.011299201174926922
total_time: 23.651305675506592
average_epoch_time: 0.11822619676589965
train_accuracy: 0.9242857142857143
train_precision: 0.9253830997565808
train_recall: 0.9242857142857143
train_f1: 0.9237064199645135
train_roc_auc: 0.9963412698412698
train_log_loss: 0.21661790370833567
train_avg_precision: 0.9692702008836803
train_mcc: 0.9161233740424335
val_accuracy: 0.7866666666666666
val_precision: 0.7825874694020672
val_recall: 0.7866666666666666
val_f1: 0.7826723263437639
val_roc_auc: 0.9736296296296296
val_log_loss: 0.5735871287040799
val_avg_precision: 0.839468438763348
val_mcc: 0.7634532385143381
test_accuracy: 0.8133333333333334
test_precision: 0.8140358293075685
test_recall: 0.8133333333333334
test_f1: 0.8082604896571646
test_roc_auc: 0.9814938271604938
test_log_loss: 0.5083927720375048
test_avg_precision: 0.883357437098456
test_mcc: 0.7938283986996268
