train_loss: 5.149136421635099
val_loss: 10.448255062103271
test_loss: 9.75235104560852
min_lr: 4.723460194881903e-06
max_lr: 0.0003684298952007884
total_time: 14.743224382400513
average_epoch_time: 0.07361929059028625
train_mse: 5.350317001342773
train_mae: 1.6253974437713623
train_rmse: 2.313075226044923
train_r2: 0.935164213180542
val_mse: 10.471989631652832
val_mae: 2.4336793422698975
val_rmse: 3.2360453692204056
val_r2: 0.8744486570358276
test_mse: 9.91044807434082
test_mae: 2.147430181503296
test_rmse: 3.1480864146876306
test_r2: 0.892780601978302
