train_loss: 0.5174035404039465
val_loss: 10.22596321105957
test_loss: 7.827999448776245
min_lr: 2.0791834255190434e-06
max_lr: 0.00013306773923321878
total_time: 69.82817959785461
average_epoch_time: 0.3473651731014252
train_mse: 0.5351945161819458
train_mae: 0.5488311648368835
train_rmse: 0.7315698983569142
train_r2: 0.9935144186019897
val_mse: 10.34376049041748
val_mae: 2.2254061698913574
val_rmse: 3.2161717134533534
val_r2: 0.8759859800338745
test_mse: 7.830663681030273
test_mae: 2.052480697631836
test_rmse: 2.7983323035390693
test_r2: 0.9152814149856567
