train_loss: 0.28125158680433576
val_loss: 0.5021048665046692
test_loss: 0.5161695212125779
min_lr: 0.00031633305775388015
max_lr: 0.004428662808554322
total_time: 64.64553165435791
average_epoch_time: 0.3231093895435333
train_accuracy: 0.875
train_precision: 0.9028525959680971
train_recall: 0.875
train_f1: 0.8608174485525995
train_roc_auc: 0.9926422902494332
train_log_loss: 0.2821795534743183
train_avg_precision: 0.9327034316843091
train_mcc: 0.8675027372689269
val_accuracy: 0.8133333333333334
val_precision: 0.8320672976526634
val_recall: 0.8133333333333334
val_f1: 0.8074629680476199
val_roc_auc: 0.9776419753086418
val_log_loss: 0.4981565562587215
val_avg_precision: 0.8577747147656216
val_mcc: 0.7972021338911945
test_accuracy: 0.7833333333333333
test_precision: 0.7916979826413325
test_recall: 0.7833333333333333
test_f1: 0.7686173582514052
test_roc_auc: 0.9808888888888888
test_log_loss: 0.5260825862310159
test_avg_precision: 0.8584812596268839
test_mcc: 0.7645443880714097
