train_loss: 2.0161738006964973
val_loss: 9.665433645248413
test_loss: 5.647069072723388
min_lr: 5.054941010763725e-06
max_lr: 0.000202197640430549
total_time: 31.657944440841675
average_epoch_time: 0.31537469625473025
train_mse: 2.051718235015869
train_mae: 1.09101140499115
train_rmse: 1.4323820143438932
train_r2: 0.9751369953155518
val_mse: 9.783985137939453
val_mae: 2.1221158504486084
val_rmse: 3.12793624262699
val_r2: 0.8826972842216492
test_mse: 5.63992977142334
test_mae: 1.815557837486267
test_rmse: 2.3748536315788686
test_r2: 0.9389825463294983
