train_loss: 2.3026950250972402
val_loss: 2.302262544631958
test_loss: 2.3029269933700562
min_lr: 0.0001391899057594194
max_lr: 0.013779800670182522
total_time: 43.37505221366882
average_epoch_time: 0.21674800872802735
train_accuracy: 0.1
train_precision: 0.01
train_recall: 0.1
train_f1: 0.018181818181818184
train_roc_auc: 0.5
train_log_loss: 2.302715582981277
train_avg_precision: 0.1
train_mcc: 0.0
val_accuracy: 0.1
val_precision: 0.01
val_recall: 0.1
val_f1: 0.018181818181818184
val_roc_auc: 0.5
val_log_loss: 2.302715582981277
val_avg_precision: 0.1
val_mcc: 0.0
test_accuracy: 0.1
test_precision: 0.01
test_recall: 0.1
test_f1: 0.018181818181818184
test_roc_auc: 0.5
test_log_loss: 2.302715582981277
test_avg_precision: 0.1
test_mcc: 0.0
