# Overall best trial re-evaluation across model seeds
trial_number: 70
patch_size: 5
val_objective_best: 3.146888
direction: minimize
seeds: [0, 1, 2, 3, 4]
per_seed_metrics:
  - seed: 0
      train_loss: 4.074453
      val_loss: 11.679477
      test_loss: 8.209467
      min_lr: 0.000011
      max_lr: 0.001058
      total_time: 53.918163
      average_epoch_time: 0.268921
      train_mse: 4.129580
      train_mae: 1.561133
      train_rmse: 2.032137
      train_r2: 0.949957
      val_mse: 11.714136
      val_mae: 2.493855
      val_rmse: 3.422592
      val_r2: 0.859556
      test_mse: 8.131786
      test_mae: 2.118707
      test_rmse: 2.851629
      test_r2: 0.912024
  - seed: 1
      train_loss: 3.023383
      val_loss: 11.898397
      test_loss: 7.173829
      min_lr: 0.000011
      max_lr: 0.001058
      total_time: 53.960637
      average_epoch_time: 0.269048
      train_mse: 3.126264
      train_mae: 1.380209
      train_rmse: 1.768124
      train_r2: 0.962116
      val_mse: 12.069147
      val_mae: 2.333096
      val_rmse: 3.474068
      val_r2: 0.855300
      test_mse: 7.181742
      test_mae: 2.004713
      test_rmse: 2.679877
      test_r2: 0.922302
  - seed: 2
      train_loss: 2.172015
      val_loss: 11.066137
      test_loss: 9.137415
      min_lr: 0.000011
      max_lr: 0.001058
      total_time: 53.815516
      average_epoch_time: 0.268316
      train_mse: 2.194223
      train_mae: 1.162426
      train_rmse: 1.481291
      train_r2: 0.973410
      val_mse: 11.191282
      val_mae: 2.303851
      val_rmse: 3.345337
      val_r2: 0.865825
      test_mse: 9.301059
      test_mae: 2.112063
      test_rmse: 3.049764
      test_r2: 0.899373
  - seed: 3
      train_loss: 8.896468
      val_loss: 15.313467
      test_loss: 14.150705
      min_lr: 0.000011
      max_lr: 0.001058
      total_time: 54.316743
      average_epoch_time: 0.270956
      train_mse: 9.244035
      train_mae: 2.249160
      train_rmse: 3.040400
      train_r2: 0.887980
      val_mse: 15.086597
      val_mae: 2.904561
      val_rmse: 3.884147
      val_r2: 0.819123
      test_mse: 14.416117
      test_mae: 2.653396
      test_rmse: 3.796856
      test_r2: 0.844035
  - seed: 4
      train_loss: 3.193443
      val_loss: 12.105443
      test_loss: 10.958621
      min_lr: 0.000011
      max_lr: 0.001058
      total_time: 54.545003
      average_epoch_time: 0.271913
      train_mse: 3.258352
      train_mae: 1.370932
      train_rmse: 1.805091
      train_r2: 0.960515
      val_mse: 12.113583
      val_mae: 2.488891
      val_rmse: 3.480457
      val_r2: 0.854767
      test_mse: 11.110177
      test_mae: 2.305385
      test_rmse: 3.333193
      test_r2: 0.879801
aggregates:
  train_loss:
    mean: 4.271952
    std: 2.671937
  val_loss:
    mean: 12.412584
    std: 1.667649
  test_loss:
    mean: 9.926007
    std: 2.741224
  min_lr:
    mean: 0.000011
    std: 0.000000
  max_lr:
    mean: 0.001058
    std: 0.000000
  total_time:
    mean: 54.111212
    std: 0.307325
  average_epoch_time:
    mean: 0.269831
    std: 0.001528
  train_mse:
    mean: 4.390491
    std: 2.798596
  train_mae:
    mean: 1.544772
    std: 0.418306
  train_rmse:
    mean: 2.025409
    std: 0.600219
  train_r2:
    mean: 0.946795
    std: 0.033914
  val_mse:
    mean: 12.434949
    std: 1.527629
  val_mae:
    mean: 2.504851
    std: 0.239815
  val_rmse:
    mean: 3.521320
    std: 0.209918
  val_r2:
    mean: 0.850914
    std: 0.018315
  test_mse:
    mean: 10.028176
    std: 2.857093
  test_mae:
    mean: 2.238853
    std: 0.255736
  test_rmse:
    mean: 3.142264
    std: 0.439253
  test_r2:
    mean: 0.891507
    std: 0.030910
