train_loss: 3.1934433812680454
val_loss: 12.10544261932373
test_loss: 10.958620643615722
min_lr: 1.1022640928071418e-05
max_lr: 0.0010581735290948562
total_time: 54.545002937316895
average_epoch_time: 0.27191325068473815
train_mse: 3.258352279663086
train_mae: 1.37093186378479
train_rmse: 1.805090656909809
train_r2: 0.9605149030685425
val_mse: 12.113582611083984
val_mae: 2.4888908863067627
val_rmse: 3.480457241668684
val_r2: 0.8547671437263489
test_mse: 11.110177040100098
test_mae: 2.305384874343872
test_rmse: 3.3331932197369083
test_r2: 0.8798009157180786
