train_loss: 4.941981237867604
val_loss: 12.52070894241333
test_loss: 15.836918067932128
min_lr: 2.063698506430256e-06
max_lr: 0.00019811505661730458
total_time: 54.9335401058197
average_epoch_time: 0.2737316930294037
train_mse: 4.4177565574646
train_mae: 1.5934962034225464
train_rmse: 2.101845988045889
train_r2: 0.9464650750160217
val_mse: 12.568735122680664
val_mae: 2.6550381183624268
val_rmse: 3.54524119386547
val_r2: 0.8493102192878723
test_mse: 16.07516860961914
test_mae: 2.6470561027526855
test_rmse: 4.009385066268784
test_r2: 0.8260855674743652
