# Overall best trial re-evaluation across model seeds
trial_number: 73
patch_size: 22
val_objective_best: 3.263998
direction: minimize
seeds: [0, 1, 2, 3, 4]
per_seed_metrics:
  - seed: 0
      train_loss: 3.765313
      val_loss: 12.418429
      test_loss: 12.813263
      min_lr: 0.000002
      max_lr: 0.000198
      total_time: 54.806685
      average_epoch_time: 0.273230
      train_mse: 3.756563
      train_mae: 1.501919
      train_rmse: 1.938186
      train_r2: 0.954477
      val_mse: 12.480852
      val_mae: 2.496035
      val_rmse: 3.532825
      val_r2: 0.850364
      test_mse: 13.076994
      test_mae: 2.408546
      test_rmse: 3.616213
      test_r2: 0.858522
  - seed: 1
      train_loss: 3.288187
      val_loss: 11.122145
      test_loss: 8.829868
      min_lr: 0.000002
      max_lr: 0.000198
      total_time: 54.302319
      average_epoch_time: 0.270623
      train_mse: 3.387354
      train_mae: 1.401484
      train_rmse: 1.840477
      train_r2: 0.958952
      val_mse: 11.144224
      val_mae: 2.385642
      val_rmse: 3.338297
      val_r2: 0.866389
      test_mse: 8.884904
      test_mae: 2.034894
      test_rmse: 2.980756
      test_r2: 0.903876
  - seed: 2
      train_loss: 2.489461
      val_loss: 10.965685
      test_loss: 8.085385
      min_lr: 0.000002
      max_lr: 0.000198
      total_time: 54.627905
      average_epoch_time: 0.272208
      train_mse: 2.420889
      train_mae: 1.192424
      train_rmse: 1.555921
      train_r2: 0.970663
      val_mse: 11.040473
      val_mae: 2.334112
      val_rmse: 3.322721
      val_r2: 0.867633
      test_mse: 8.203819
      test_mae: 1.996799
      test_rmse: 2.864231
      test_r2: 0.911244
  - seed: 3
      train_loss: 2.660140
      val_loss: 11.730811
      test_loss: 9.410610
      min_lr: 0.000002
      max_lr: 0.000198
      total_time: 54.478049
      average_epoch_time: 0.271429
      train_mse: 2.700036
      train_mae: 1.265104
      train_rmse: 1.643179
      train_r2: 0.967281
      val_mse: 11.768777
      val_mae: 2.497763
      val_rmse: 3.430565
      val_r2: 0.858901
      test_mse: 9.562375
      test_mae: 2.171580
      test_rmse: 3.092309
      test_r2: 0.896546
  - seed: 4
      train_loss: 4.941981
      val_loss: 12.520709
      test_loss: 15.836918
      min_lr: 0.000002
      max_lr: 0.000198
      total_time: 54.933540
      average_epoch_time: 0.273732
      train_mse: 4.417757
      train_mae: 1.593496
      train_rmse: 2.101846
      train_r2: 0.946465
      val_mse: 12.568735
      val_mae: 2.655038
      val_rmse: 3.545241
      val_r2: 0.849310
      test_mse: 16.075169
      test_mae: 2.647056
      test_rmse: 4.009385
      test_r2: 0.826086
aggregates:
  train_loss:
    mean: 3.429016
    std: 0.986905
  val_loss:
    mean: 11.751556
    std: 0.715978
  test_loss:
    mean: 10.995209
    std: 3.256309
  min_lr:
    mean: 0.000002
    std: 0.000000
  max_lr:
    mean: 0.000198
    std: 0.000000
  total_time:
    mean: 54.629700
    std: 0.251904
  average_epoch_time:
    mean: 0.272244
    std: 0.001273
  train_mse:
    mean: 3.336520
    std: 0.804920
  train_mae:
    mean: 1.390885
    std: 0.164848
  train_rmse:
    mean: 1.815922
    std: 0.220649
  train_r2:
    mean: 0.959568
    std: 0.009754
  val_mse:
    mean: 11.800612
    std: 0.718055
  val_mae:
    mean: 2.473718
    std: 0.123693
  val_rmse:
    mean: 3.433930
    std: 0.104517
  val_r2:
    mean: 0.858519
    std: 0.008609
  test_mse:
    mean: 11.160652
    std: 3.327958
  test_mae:
    mean: 2.251775
    std: 0.273544
  test_rmse:
    mean: 3.312579
    std: 0.484090
  test_r2:
    mean: 0.879255
    std: 0.036005
