train_loss: 0.13983317422257227
val_loss: 0.5190206229686737
test_loss: 0.5279758632183075
min_lr: 3.3274087895665e-05
max_lr: 0.0029613938227141855
total_time: 47.667566537857056
average_epoch_time: 0.23831850051879883
train_accuracy: 0.955
train_precision: 0.9558347523734608
train_recall: 0.955
train_f1: 0.9546037810380936
train_roc_auc: 0.9987108843537414
train_log_loss: 0.14022411777241273
train_avg_precision: 0.9899872229710478
train_mcc: 0.9501885481808782
val_accuracy: 0.8233333333333334
val_precision: 0.8305275119617226
val_recall: 0.8233333333333334
val_f1: 0.8243486596359567
val_roc_auc: 0.9760123456790124
val_log_loss: 0.5127956539973908
val_avg_precision: 0.8475836570573196
val_mcc: 0.8044389592577614
test_accuracy: 0.8166666666666667
test_precision: 0.8166499455556904
test_recall: 0.8166666666666667
test_f1: 0.8100645919712057
test_roc_auc: 0.9758271604938272
test_log_loss: 0.5465201272369445
test_avg_precision: 0.8465034734506527
test_mcc: 0.7983192972419096
