train_loss: 0.24550041954287075
val_loss: 0.518197575211525
test_loss: 0.6609766572713852
min_lr: 5.7493909415639325e-05
max_lr: 0.0016673233730535404
total_time: 65.96762108802795
average_epoch_time: 0.6592220783233642
train_accuracy: 0.8842857142857142
train_precision: 0.9192945660884084
train_recall: 0.8842857142857142
train_f1: 0.8685443624485837
train_roc_auc: 0.9946343537414967
train_log_loss: 0.2458852936122502
train_avg_precision: 0.9565499685904958
train_mcc: 0.8774102778691499
val_accuracy: 0.8333333333333334
val_precision: 0.8448312336497323
val_recall: 0.8333333333333334
val_f1: 0.8153019586223389
val_roc_auc: 0.9806913580246913
val_log_loss: 0.5234679459979347
val_avg_precision: 0.8758507207588205
val_mcc: 0.8196354956662898
test_accuracy: 0.7866666666666666
test_precision: 0.79708604798983
test_recall: 0.7866666666666666
test_f1: 0.7741542817209531
test_roc_auc: 0.9739012345679013
test_log_loss: 0.6555051717400195
test_avg_precision: 0.848638272032898
test_mcc: 0.7668544457533663
