train_loss: 3.3682313380034072
val_loss: 11.277400016784668
test_loss: 6.723252773284912
min_lr: 3.7919955591373657e-05
max_lr: 0.0007963190674188467
total_time: 14.875154256820679
average_epoch_time: 0.0742799162864685
train_mse: 3.491061210632324
train_mae: 1.360774040222168
train_rmse: 1.8684381741530343
train_r2: 0.9576948881149292
val_mse: 11.376727104187012
val_mae: 2.474003553390503
val_rmse: 3.372940424049469
val_r2: 0.8636015057563782
test_mse: 6.9083123207092285
test_mae: 1.96330988407135
test_rmse: 2.6283668542859897
test_r2: 0.9252601861953735
