train_loss: 0.26386647671461105
val_loss: 0.5540777117013931
test_loss: 0.43234816789627073
min_lr: 0.00011383044921309233
max_lr: 0.0077404705464902785
total_time: 50.938750982284546
average_epoch_time: 0.5087358593940735
train_accuracy: 0.8592857142857143
train_precision: 0.8875136756368731
train_recall: 0.8592857142857143
train_f1: 0.8355416061850116
train_roc_auc: 0.9928004535147392
train_log_loss: 0.26301717175825395
train_avg_precision: 0.9352108225870701
train_mcc: 0.8514224297897237
val_accuracy: 0.7966666666666666
val_precision: 0.8039631028903108
val_recall: 0.7966666666666666
val_f1: 0.783885668632343
val_roc_auc: 0.9764938271604939
val_log_loss: 0.5490752646594158
val_avg_precision: 0.8538522219959206
val_mcc: 0.7798724627790483
test_accuracy: 0.8133333333333334
test_precision: 0.8335136388828647
test_recall: 0.8133333333333334
test_f1: 0.7888902419317806
test_roc_auc: 0.9810864197530865
test_log_loss: 0.44217777441325135
test_avg_precision: 0.867264804353317
test_mcc: 0.8001960017833137
