train_loss: 1.5401272255441416
val_loss: 10.652512156963349
test_loss: 5.314450645446778
min_lr: 2.4770342520205007e-05
max_lr: 0.0005201771929243051
total_time: 39.29533052444458
average_epoch_time: 0.19593721151351928
train_mse: 1.594122052192688
train_mae: 1.0243653059005737
train_rmse: 1.2625854633222608
train_r2: 0.9806822538375854
val_mse: 10.442891120910645
val_mae: 2.1885926723480225
val_rmse: 3.2315462430407282
val_r2: 0.8747974634170532
test_mse: 5.434497833251953
test_mae: 1.8155585527420044
test_rmse: 2.331200942272449
test_r2: 0.9412050843238831
