train_loss: 0.22700144536793232
val_loss: 0.5259173750877381
test_loss: 0.45141948759555817
min_lr: 2.7871935522820223e-05
max_lr: 0.0017838038734604943
total_time: 17.108785152435303
average_epoch_time: 0.17096580266952516
train_accuracy: 0.9114285714285715
train_precision: 0.9134021596905718
train_recall: 0.9114285714285715
train_f1: 0.9101159741230209
train_roc_auc: 0.9950260770975056
train_log_loss: 0.22753093875378352
train_avg_precision: 0.961344376886392
train_mcc: 0.9020988405229756
val_accuracy: 0.82
val_precision: 0.8213390027728262
val_recall: 0.82
val_f1: 0.8175657528427053
val_roc_auc: 0.9801728395061727
val_log_loss: 0.5096947888811743
val_avg_precision: 0.8585586964310621
val_mcc: 0.8007912959402324
test_accuracy: 0.85
test_precision: 0.8569608585858585
test_recall: 0.85
test_f1: 0.8496511714449774
test_roc_auc: 0.9867037037037035
test_log_loss: 0.4374938059175036
test_avg_precision: 0.9173577181861687
test_mcc: 0.8342814510086685
