train_loss: 5.339135090294092
val_loss: 13.125754356384277
test_loss: 11.751060962677002
min_lr: 3.164717700386837e-05
max_lr: 0.002215302390270786
total_time: 15.647716999053955
average_epoch_time: 0.0780262291431427
train_mse: 5.544267177581787
train_mae: 1.6402175426483154
train_rmse: 2.3546267597183608
train_r2: 0.9328138828277588
val_mse: 13.08621883392334
val_mae: 2.8342292308807373
val_rmse: 3.617487917591894
val_r2: 0.8431059718132019
test_mse: 11.896470069885254
test_mae: 2.540483236312866
test_rmse: 3.449125986374701
test_r2: 0.8712941408157349
