train_loss: 0.1417547349225391
val_loss: 0.5244282901287078
test_loss: 0.4839144915342331
min_lr: 3.112629591644394e-06
max_lr: 0.0002583482561064847
total_time: 52.292036294937134
average_epoch_time: 0.26137941479682925
train_accuracy: 0.9721428571428572
train_precision: 0.9731135217207311
train_recall: 0.9721428571428572
train_f1: 0.9722265102677825
train_roc_auc: 0.9992205215419501
train_log_loss: 0.14188758201611215
train_avg_precision: 0.9942840471811605
train_mcc: 0.96914212050581
val_accuracy: 0.8233333333333334
val_precision: 0.8343374469647814
val_recall: 0.8233333333333334
val_f1: 0.8254916696405209
val_roc_auc: 0.9779135802469137
val_log_loss: 0.5202557929406627
val_avg_precision: 0.8586934558570177
val_mcc: 0.8045981989206776
test_accuracy: 0.8
test_precision: 0.8044514748025183
test_recall: 0.8
test_f1: 0.8005299141560935
test_roc_auc: 0.9805679012345679
test_log_loss: 0.48779683796697676
test_avg_precision: 0.8749235004194937
test_mcc: 0.7781525340535257
