train_loss: 28.966066609258238
val_loss: 16.425130462646486
test_loss: 17.717829704284668
min_lr: 0.00017299889146700056
max_lr: 0.010206934596553034
total_time: 16.16872501373291
average_epoch_time: 0.08078138709068299
train_mse: 27.65268898010254
train_mae: 4.5848164558410645
train_rmse: 5.258582411648841
train_r2: 0.6649012565612793
val_mse: 16.232635498046875
val_mae: 3.0284409523010254
val_rmse: 4.028974497070796
val_r2: 0.8053827285766602
test_mse: 17.89580726623535
test_mae: 3.6495413780212402
test_rmse: 4.230343634533175
test_r2: 0.8063883781433105
