train_loss: 0.19283493862233378
val_loss: 0.5132022619247436
test_loss: 0.47432681173086166
min_lr: 3.051023222778446e-05
max_lr: 0.0016170423080725765
total_time: 28.572147369384766
average_epoch_time: 0.28545097589492796
train_accuracy: 0.9192857142857143
train_precision: 0.9258259050202451
train_recall: 0.9192857142857143
train_f1: 0.9174346207361617
train_roc_auc: 0.9948820861678005
train_log_loss: 0.19261005383188376
train_avg_precision: 0.9561516564261755
train_mcc: 0.9116129331808988
val_accuracy: 0.8133333333333334
val_precision: 0.8232836507674599
val_recall: 0.8133333333333334
val_f1: 0.8094376474567795
val_roc_auc: 0.9775432098765433
val_log_loss: 0.5095436688906441
val_avg_precision: 0.8478561790980208
val_mcc: 0.7954258191163122
test_accuracy: 0.8366666666666667
test_precision: 0.8456287684409828
test_recall: 0.8366666666666667
test_f1: 0.8345557990879898
test_roc_auc: 0.9842716049382716
test_log_loss: 0.4749028899337433
test_avg_precision: 0.883080367906603
test_mcc: 0.8201604830945404
