train_loss: 0.34733549505472183
val_loss: 0.5773700580000878
test_loss: 0.5643865406513214
min_lr: 0.00015397935514289466
max_lr: 0.008006926467430522
total_time: 53.75575542449951
average_epoch_time: 0.5370138692855835
train_accuracy: 0.8485714285714285
train_precision: 0.8587685858549321
train_recall: 0.8485714285714285
train_f1: 0.8392869843950524
train_roc_auc: 0.986345238095238
train_log_loss: 0.34637283422400583
train_avg_precision: 0.8915823877793434
train_mcc: 0.8359094101710844
val_accuracy: 0.7933333333333333
val_precision: 0.814270678170934
val_recall: 0.7933333333333333
val_f1: 0.7859963839100931
val_roc_auc: 0.9763456790123458
val_log_loss: 0.5653387847196036
val_avg_precision: 0.8510019435605116
val_mcc: 0.7750539828205537
test_accuracy: 0.8066666666666666
test_precision: 0.8316567637013632
test_recall: 0.8066666666666666
test_f1: 0.7965467568329027
test_roc_auc: 0.9782098765432098
test_log_loss: 0.5819920166869975
test_avg_precision: 0.8612092513996593
test_mcc: 0.7905419319453997
