train_loss: 0.24491389891640705
val_loss: 0.5152121603488922
test_loss: 0.5049476951360703
min_lr: 8.31188099234709e-05
max_lr: 0.00640014836410726
total_time: 44.1589560508728
average_epoch_time: 0.4412611198425293
train_accuracy: 0.8828571428571429
train_precision: 0.8985124873039684
train_recall: 0.8828571428571429
train_f1: 0.8752583369237992
train_roc_auc: 0.9935731292517006
train_log_loss: 0.24454686233604414
train_avg_precision: 0.9461057648104233
train_mcc: 0.8732972361515239
val_accuracy: 0.82
val_precision: 0.8257037300077371
val_recall: 0.82
val_f1: 0.8143479520986711
val_roc_auc: 0.978185185185185
val_log_loss: 0.5154994703781626
val_avg_precision: 0.8594999489196278
val_mcc: 0.8022215653202872
test_accuracy: 0.8366666666666667
test_precision: 0.8483312983312983
test_recall: 0.8366666666666667
test_f1: 0.834803077784416
test_roc_auc: 0.9829753086419754
test_log_loss: 0.4547017734159431
test_avg_precision: 0.8827868564388123
test_mcc: 0.8203638807821388
