train_loss: 0.3066411922601136
val_loss: 0.5103920102119446
test_loss: 0.45442663282155993
min_lr: 8.815015216920985e-05
max_lr: 0.007316462630044418
total_time: 127.86107850074768
average_epoch_time: 0.6388869893550873
train_accuracy: 0.8864285714285715
train_precision: 0.9068969253073645
train_recall: 0.8864285714285715
train_f1: 0.8787605699482364
train_roc_auc: 0.9930153061224491
train_log_loss: 0.30755542996139384
train_avg_precision: 0.9460567407017318
train_mcc: 0.8774231543709318
val_accuracy: 0.8066666666666666
val_precision: 0.8205465957382053
val_recall: 0.8066666666666666
val_f1: 0.7927353728761434
val_roc_auc: 0.9801975308641975
val_log_loss: 0.49365236819266745
val_avg_precision: 0.8546271654813836
val_mcc: 0.7897812395957562
test_accuracy: 0.8133333333333334
test_precision: 0.8286183842326036
test_recall: 0.8133333333333334
test_f1: 0.7929549696168476
test_roc_auc: 0.9809382716049383
test_log_loss: 0.47383226246207527
test_avg_precision: 0.8633397608933667
test_mcc: 0.7984296511579552
