train_loss: 0.31166633760387247
val_loss: 0.7091865450143814
test_loss: 0.7571260601282119
min_lr: 1.4089818066244711e-05
max_lr: 0.0013526225343594924
total_time: 153.6439175605774
average_epoch_time: 0.7676477181911469
train_accuracy: 0.8814285714285715
train_precision: 0.8909354167218808
train_recall: 0.8814285714285715
train_f1: 0.8795698199374024
train_roc_auc: 0.9944705215419501
train_log_loss: 0.31150797770580224
train_avg_precision: 0.9554377467127949
train_mcc: 0.8698239281133664
val_accuracy: 0.74
val_precision: 0.7375026104452022
val_recall: 0.74
val_f1: 0.7306501445685459
val_roc_auc: 0.9668024691358024
val_log_loss: 0.7141060013615009
val_avg_precision: 0.8168024123304448
val_mcc: 0.7134756648679192
test_accuracy: 0.74
test_precision: 0.755907094509358
test_recall: 0.74
test_f1: 0.7345699019823203
test_roc_auc: 0.9636666666666668
test_log_loss: 0.7776037193033383
test_avg_precision: 0.7834579140890848
test_mcc: 0.7145955401603447
