train_loss: 2.216570817905924
val_loss: 10.6984148979187
test_loss: 6.7866462707519535
min_lr: 1.413755483457437e-05
max_lr: 0.0008623908449090366
total_time: 12.250641584396362
average_epoch_time: 0.06119722127914429
train_mse: 2.2465598583221436
train_mae: 1.2123627662658691
train_rmse: 1.4988528474543936
train_r2: 0.972775936126709
val_mse: 10.629518508911133
val_mae: 2.4004533290863037
val_rmse: 3.2602942365545986
val_r2: 0.8725599646568298
test_mse: 6.89064359664917
test_mae: 2.0002613067626953
test_rmse: 2.6250035422164997
test_r2: 0.9254513382911682
