train_loss: 4.490490063377049
val_loss: 13.226767921447754
test_loss: 7.270304203033447
min_lr: 4.124164974388382e-05
max_lr: 0.0035467818779740083
total_time: 25.84241247177124
average_epoch_time: 0.25704011917114256
train_mse: 4.611576557159424
train_mae: 1.5228461027145386
train_rmse: 2.147458161911292
train_r2: 0.9441163539886475
val_mse: 13.362554550170898
val_mae: 2.6243793964385986
val_rmse: 3.6554828067125276
val_r2: 0.8397929072380066
test_mse: 7.241391658782959
test_mae: 1.9181104898452759
test_rmse: 2.690983399945633
test_r2: 0.921656608581543
