train_loss: 0.3396188538860191
val_loss: 0.5784298986196518
test_loss: 0.5484080970287323
min_lr: 0.00020174364055620606
max_lr: 0.004236616451680327
total_time: 84.94571089744568
average_epoch_time: 0.4245481312274933
train_accuracy: 0.8671428571428571
train_precision: 0.8720617876521002
train_recall: 0.8671428571428571
train_f1: 0.862689225021687
train_roc_auc: 0.9903707482993195
train_log_loss: 0.3405788831239893
train_avg_precision: 0.9212196405168183
train_mcc: 0.8540402933779633
val_accuracy: 0.8
val_precision: 0.7977629377541561
val_recall: 0.8
val_f1: 0.7927321479546372
val_roc_auc: 0.9734938271604938
val_log_loss: 0.5871080776341501
val_avg_precision: 0.849994024035615
val_mcc: 0.7793380156101968
test_accuracy: 0.8
test_precision: 0.8058203169117183
test_recall: 0.8
test_f1: 0.7921674006456328
test_roc_auc: 0.9760370370370369
test_log_loss: 0.5468003900786566
test_avg_precision: 0.85747519200535
test_mcc: 0.7802476548776378
