train_loss: 0.12425072067840533
val_loss: 1.3944598615169526
test_loss: 1.3026619374752044
min_lr: 0.0005117251461410903
max_lr: 0.018933830407220343
total_time: 264.7304060459137
average_epoch_time: 1.3236053824424743
train_accuracy: 0.9742857142857143
train_precision: 0.9748809374079157
train_recall: 0.9742857142857143
train_f1: 0.9741665218251879
train_roc_auc: 0.999701247165533
train_log_loss: 0.12456670681907542
train_avg_precision: 0.9978282247323708
train_mcc: 0.9715166948533845
val_accuracy: 0.6166666666666667
val_precision: 0.6492257115438369
val_recall: 0.6166666666666667
val_f1: 0.608631075753024
val_roc_auc: 0.9081975308641976
val_log_loss: 1.4052641384552962
val_avg_precision: 0.6546312658834107
val_mcc: 0.578533832035539
test_accuracy: 0.6066666666666667
test_precision: 0.6037016524478049
test_recall: 0.6066666666666667
test_f1: 0.5939265465869312
test_roc_auc: 0.9189506172839508
test_log_loss: 1.3253006439253525
test_avg_precision: 0.6673296305112926
test_mcc: 0.565813178358034
