train_loss: 0.15855559469624
val_loss: 0.5012281209230423
test_loss: 0.45841492861509325
min_lr: 7.670960299814038e-05
max_lr: 0.0023012880899442112
total_time: 74.92691111564636
average_epoch_time: 0.3744571197032929
train_accuracy: 0.945
train_precision: 0.951191786560599
train_recall: 0.945
train_f1: 0.9441135552258285
train_roc_auc: 0.998484693877551
train_log_loss: 0.15862916276496045
train_avg_precision: 0.9881589384862404
train_mcc: 0.9398008956536327
val_accuracy: 0.8166666666666667
val_precision: 0.8349517457978386
val_recall: 0.8166666666666667
val_f1: 0.8132990559105238
val_roc_auc: 0.9802222222222222
val_log_loss: 0.5100055641722157
val_avg_precision: 0.8640535083929948
val_mcc: 0.7995703798548612
test_accuracy: 0.8266666666666667
test_precision: 0.8289189983757047
test_recall: 0.8266666666666667
test_f1: 0.823636213608614
test_roc_auc: 0.9834691358024691
test_log_loss: 0.4593895071594531
test_avg_precision: 0.8733856141561178
test_mcc: 0.8084460794806431
