train_loss: 1.8982719312543455
val_loss: 8.980091047286987
test_loss: 7.306884098052978
min_lr: 5.564764079180381e-06
max_lr: 0.0005008287671262343
total_time: 59.38934564590454
average_epoch_time: 0.2961208581924438
train_mse: 1.9708572626113892
train_mae: 1.084322452545166
train_rmse: 1.4038722387067097
train_r2: 0.9761168956756592
val_mse: 9.089957237243652
val_mae: 2.007502317428589
val_rmse: 3.0149555945724393
val_r2: 0.8910181522369385
test_mse: 7.291378498077393
test_mae: 1.8490829467773438
test_rmse: 2.7002552653549983
test_r2: 0.9211158156394958
