train_loss: 6.748892732288526
val_loss: 10.433290481567383
test_loss: 9.646873950958252
min_lr: 3.729970731028161e-05
max_lr: 0.0036926710237178795
total_time: 4.79244327545166
average_epoch_time: 0.04782908201217651
train_mse: 6.968708515167236
train_mae: 1.9081776142120361
train_rmse: 2.6398311527761082
train_r2: 0.9155523180961609
val_mse: 10.38088607788086
val_mae: 2.4132497310638428
val_rmse: 3.221938248613846
val_r2: 0.8755409121513367
test_mse: 9.685452461242676
test_mae: 2.320774793624878
test_rmse: 3.1121459575737567
test_r2: 0.8952147960662842
