train_loss: 5.219295786774677
val_loss: 11.134976005554199
test_loss: 9.100502204895019
min_lr: 7.059671012387088e-06
max_lr: 0.000564773680990967
total_time: 34.309465646743774
average_epoch_time: 0.34112178087234496
train_mse: 5.3494977951049805
train_mae: 1.5521281957626343
train_rmse: 2.3128981376413837
train_r2: 0.9351741075515747
val_mse: 11.162386894226074
val_mae: 2.5317108631134033
val_rmse: 3.3410158476466516
val_r2: 0.8661713004112244
test_mse: 9.196154594421387
test_mae: 2.142387866973877
test_rmse: 3.032516215030249
test_r2: 0.9005084037780762
