train_loss: 0.24617102911526506
val_loss: 0.6027067065238952
test_loss: 0.5691925555467605
min_lr: 3.1325349719019922e-06
max_lr: 0.00023494012289264942
total_time: 35.15329670906067
average_epoch_time: 0.17573471546173094
train_accuracy: 0.9214285714285714
train_precision: 0.9235272281603498
train_recall: 0.9214285714285714
train_f1: 0.9198016123399371
train_roc_auc: 0.9963628117913831
train_log_loss: 0.24582284626925968
train_avg_precision: 0.9705105604597772
train_mcc: 0.9132727540003462
val_accuracy: 0.81
val_precision: 0.8050780124337753
val_recall: 0.81
val_f1: 0.8024320707657758
val_roc_auc: 0.9728395061728395
val_log_loss: 0.603223883148546
val_avg_precision: 0.8410096615796001
val_mcc: 0.7900308699505536
test_accuracy: 0.8066666666666666
test_precision: 0.8157107843137255
test_recall: 0.8066666666666666
test_f1: 0.8015311209747964
test_roc_auc: 0.9770370370370371
test_log_loss: 0.5826279832179301
test_avg_precision: 0.8645606783188904
test_mcc: 0.7872092629847547
