train_loss: 3.310134364211041
val_loss: 11.40166187286377
test_loss: 8.10518741607666
min_lr: 5.425247564828565e-05
max_lr: 0.0013020594155588557
total_time: 14.25200891494751
average_epoch_time: 0.0711243200302124
train_mse: 3.313253164291382
train_mae: 1.419888973236084
train_rmse: 1.820234370703779
train_r2: 0.9598495960235596
val_mse: 11.622042655944824
val_mae: 2.365415334701538
val_rmse: 3.409111710687232
val_r2: 0.8606603145599365
test_mse: 8.37110710144043
test_mae: 1.9228304624557495
test_rmse: 2.893286557090471
test_r2: 0.90943443775177
