train_loss: 0.20141717486760832
val_loss: 0.4601268798112869
test_loss: 0.39303362667560576
min_lr: 6.590898961776682e-06
max_lr: 0.0002570450595092906
total_time: 13.001990556716919
average_epoch_time: 0.12987266540527342
train_accuracy: 0.9328571428571428
train_precision: 0.9339528226600328
train_recall: 0.9328571428571428
train_f1: 0.9322229572078898
train_roc_auc: 0.9962352607709751
train_log_loss: 0.20178345369782943
train_avg_precision: 0.9673884165008063
train_mcc: 0.9256734142751601
val_accuracy: 0.8333333333333334
val_precision: 0.8372582793187386
val_recall: 0.8333333333333334
val_f1: 0.8341098886189261
val_roc_auc: 0.9818271604938271
val_log_loss: 0.4513097149746786
val_avg_precision: 0.8841048925755202
val_mcc: 0.8150865556310454
test_accuracy: 0.8766666666666667
test_precision: 0.8824329874385491
test_recall: 0.8766666666666667
test_f1: 0.8769645124405103
test_roc_auc: 0.9885061728395063
test_log_loss: 0.3871090461401803
test_avg_precision: 0.922585411258053
test_mcc: 0.8636349404540458
