train_loss: 0.11677779028700157
val_loss: 1.0180379927158356
test_loss: 1.0614664554595947
min_lr: 0.0001082533036019532
max_lr: 0.009526290716971881
total_time: 201.3410484790802
average_epoch_time: 1.0066503024101257
train_accuracy: 0.9678571428571429
train_precision: 0.9680846566077291
train_recall: 0.9678571428571429
train_f1: 0.9677807051906794
train_roc_auc: 0.9991802721088434
train_log_loss: 0.11661631909228289
train_avg_precision: 0.9938128505123515
train_mcc: 0.9643283555979505
val_accuracy: 0.7233333333333334
val_precision: 0.726098032714412
val_recall: 0.7233333333333334
val_f1: 0.7238358242186412
val_roc_auc: 0.9475925925925925
val_log_loss: 1.0067575485485887
val_avg_precision: 0.7573791705122308
val_mcc: 0.6927551097676526
test_accuracy: 0.7166666666666667
test_precision: 0.7142129817876972
test_recall: 0.7166666666666667
test_f1: 0.713616285299873
test_roc_auc: 0.9469876543209877
test_log_loss: 1.052330893849157
test_avg_precision: 0.7619839420776295
test_mcc: 0.685650908786833
