# Overall best trial re-evaluation across model seeds
trial_number: 57
patch_size: 8
val_objective_best: 4.144153
direction: minimize
seeds: [0, 1, 2, 3, 4]
per_seed_metrics:
  - seed: 0
      train_loss: 14.971146
      val_loss: 28.299009
      test_loss: 48.160756
      min_lr: 0.000087
      max_lr: 0.000867
      total_time: 44.118930
      average_epoch_time: 0.220122
      train_mse: 15.114282
      train_mae: 2.853451
      train_rmse: 3.887709
      train_r2: 0.816843
      val_mse: 28.504009
      val_mae: 3.815239
      val_rmse: 5.338915
      val_r2: 0.658258
      test_mse: 48.196686
      test_mae: 4.584045
      test_rmse: 6.942383
      test_r2: 0.478568
  - seed: 1
      train_loss: 0.752925
      val_loss: 23.618700
      test_loss: 24.102300
      min_lr: 0.000087
      max_lr: 0.000867
      total_time: 43.938378
      average_epoch_time: 0.219349
      train_mse: 0.751378
      train_mae: 0.664530
      train_rmse: 0.866821
      train_r2: 0.990895
      val_mse: 24.262548
      val_mae: 3.287232
      val_rmse: 4.925703
      val_r2: 0.709110
      test_mse: 24.686691
      test_mae: 3.092482
      test_rmse: 4.968570
      test_r2: 0.732919
  - seed: 2
      train_loss: 14.801547
      val_loss: 35.311292
      test_loss: 33.837312
      min_lr: 0.000087
      max_lr: 0.000867
      total_time: 44.441535
      average_epoch_time: 0.221781
      train_mse: 15.099770
      train_mae: 2.650528
      train_rmse: 3.885842
      train_r2: 0.817019
      val_mse: 32.230480
      val_mae: 3.684994
      val_rmse: 5.677189
      val_r2: 0.613580
      test_mse: 34.269169
      test_mae: 3.947851
      test_rmse: 5.853987
      test_r2: 0.629248
  - seed: 3
      train_loss: 1.705891
      val_loss: 31.919311
      test_loss: 27.595436
      min_lr: 0.000087
      max_lr: 0.000867
      total_time: 44.306085
      average_epoch_time: 0.221087
      train_mse: 1.732209
      train_mae: 1.008538
      train_rmse: 1.316134
      train_r2: 0.979009
      val_mse: 30.586594
      val_mae: 3.802851
      val_rmse: 5.530515
      val_r2: 0.633289
      test_mse: 28.396761
      test_mae: 3.626068
      test_rmse: 5.328861
      test_r2: 0.692780
  - seed: 4
      train_loss: 7.328113
      val_loss: 22.542782
      test_loss: 32.603300
      min_lr: 0.000087
      max_lr: 0.000867
      total_time: 44.592786
      average_epoch_time: 0.222641
      train_mse: 7.136368
      train_mae: 2.045011
      train_rmse: 2.671398
      train_r2: 0.913521
      val_mse: 22.376923
      val_mae: 3.551669
      val_rmse: 4.730425
      val_r2: 0.731717
      test_mse: 33.653233
      test_mae: 3.632943
      test_rmse: 5.801141
      test_r2: 0.635911
aggregates:
  train_loss:
    mean: 7.911925
    std: 6.844824
  val_loss:
    mean: 28.338219
    std: 5.415497
  test_loss:
    mean: 33.259821
    std: 9.202551
  min_lr:
    mean: 0.000087
    std: 0.000000
  max_lr:
    mean: 0.000867
    std: 0.000000
  total_time:
    mean: 44.279543
    std: 0.258485
  average_epoch_time:
    mean: 0.220996
    std: 0.001305
  train_mse:
    mean: 7.966801
    std: 6.956792
  train_mae:
    mean: 1.844412
    std: 0.974555
  train_rmse:
    mean: 2.525581
    std: 1.409008
  train_r2:
    mean: 0.903457
    std: 0.084303
  val_mse:
    mean: 27.592111
    std: 4.171245
  val_mae:
    mean: 3.628397
    std: 0.218419
  val_rmse:
    mean: 5.240549
    std: 0.401175
  val_r2:
    mean: 0.669191
    std: 0.050010
  test_mse:
    mean: 33.840508
    std: 8.940713
  test_mae:
    mean: 3.776678
    std: 0.546033
  test_rmse:
    mean: 5.778989
    std: 0.744815
  test_r2:
    mean: 0.633885
    std: 0.096728
