train_loss: 7.3281127266261885
val_loss: 22.542781829833984
test_loss: 32.60329971313477
min_lr: 8.66519090827586e-05
max_lr: 0.000866519090827586
total_time: 44.59278631210327
average_epoch_time: 0.22264103293418885
train_mse: 7.136368274688721
train_mae: 2.045010566711426
train_rmse: 2.671398187221201
train_r2: 0.9135205745697021
val_mse: 22.376922607421875
val_mae: 3.551668643951416
val_rmse: 4.730425203660013
val_r2: 0.7317173480987549
test_mse: 33.65323257446289
test_mae: 3.6329426765441895
test_rmse: 5.801140627020077
test_r2: 0.6359114646911621
