train_loss: 5.514113255169081
val_loss: 11.186065483093262
test_loss: 9.418096828460694
min_lr: 1.261264980499941e-05
max_lr: 0.0012360396808899423
total_time: 44.885666370391846
average_epoch_time: 0.22388145327568054
train_mse: 5.497444152832031
train_mae: 1.5769665241241455
train_rmse: 2.3446629081452266
train_r2: 0.9333813190460205
val_mse: 11.285435676574707
val_mae: 2.4708542823791504
val_rmse: 3.359380251858177
val_r2: 0.8646960258483887
test_mse: 9.624031066894531
test_mae: 2.1526196002960205
test_rmse: 3.1022622498580823
test_r2: 0.8958792686462402
