train_loss: 0.4826448898423802
val_loss: 0.8874564826488495
test_loss: 0.8904730200767517
min_lr: 0.00019070456741039285
max_lr: 0.013540024286137892
total_time: 131.43868708610535
average_epoch_time: 0.656824380159378
train_accuracy: 0.8092857142857143
train_precision: 0.812683122242597
train_recall: 0.8092857142857143
train_f1: 0.7950298059577592
train_roc_auc: 0.9824909297052153
train_log_loss: 0.4832144796392996
train_avg_precision: 0.8717838092104375
train_mcc: 0.7919281257337507
val_accuracy: 0.7166666666666667
val_precision: 0.7200609087517669
val_recall: 0.7166666666666667
val_f1: 0.705274695317532
val_roc_auc: 0.9468271604938271
val_log_loss: 0.8953207959265336
val_avg_precision: 0.752037376797428
val_mcc: 0.6884395924541744
test_accuracy: 0.7
test_precision: 0.7443786290435906
test_recall: 0.7
test_f1: 0.6829311239507808
test_roc_auc: 0.9495185185185185
test_log_loss: 0.9188963395691061
test_avg_precision: 0.7635112536451256
test_mcc: 0.6750100197543466
