train_loss: 0.2906057975170287
val_loss: 0.5946262508630753
test_loss: 0.448241263628006
min_lr: 1.654696399125591e-05
max_lr: 0.0012906631913179609
total_time: 10.675112962722778
average_epoch_time: 0.10664205551147461
train_accuracy: 0.8821428571428571
train_precision: 0.8977652232209874
train_recall: 0.8821428571428571
train_f1: 0.875643088178845
train_roc_auc: 0.9913441043083899
train_log_loss: 0.2896200263263273
train_avg_precision: 0.92896384151324
train_mcc: 0.8724221698342023
val_accuracy: 0.8066666666666666
val_precision: 0.7934115934998787
val_recall: 0.8066666666666666
val_f1: 0.7871809389535424
val_roc_auc: 0.974851851851852
val_log_loss: 0.6040500553957084
val_avg_precision: 0.8407645616948456
val_mcc: 0.7901958903245119
test_accuracy: 0.82
test_precision: 0.8364128728414443
test_recall: 0.82
test_f1: 0.8101533957538294
test_roc_auc: 0.9815061728395063
test_log_loss: 0.46097641971654846
test_avg_precision: 0.8569443588403414
test_mcc: 0.8043312180618958
