train_loss: 0.22382445735010234
val_loss: 0.4557463705539703
test_loss: 0.35604259222745893
min_lr: 1.4555400766451636e-06
max_lr: 0.00010334334544180662
total_time: 64.66204452514648
average_epoch_time: 0.6454748582839965
train_accuracy: 0.9014285714285715
train_precision: 0.913370497548703
train_recall: 0.9014285714285715
train_f1: 0.8949577667764634
train_roc_auc: 0.9942687074829932
train_log_loss: 0.22406125684978423
train_avg_precision: 0.9484983322119107
train_mcc: 0.8935771778173104
val_accuracy: 0.8366666666666667
val_precision: 0.8523607387831525
val_recall: 0.8366666666666667
val_f1: 0.8304751054145252
val_roc_auc: 0.9816666666666667
val_log_loss: 0.46036102991265315
val_avg_precision: 0.8956860319472487
val_mcc: 0.8222525113415388
test_accuracy: 0.8566666666666667
test_precision: 0.8652771642920828
test_recall: 0.8566666666666667
test_f1: 0.852807443328016
test_roc_auc: 0.9888888888888889
test_log_loss: 0.3506346331790297
test_avg_precision: 0.9163200481115344
test_mcc: 0.8427198147885316
