train_loss: 0.21698728948831558
val_loss: 1.9045273303985595
test_loss: 1.9098995566368102
min_lr: 0.00010535154846567435
max_lr: 0.00726925684413153
total_time: 42.06695008277893
average_epoch_time: 0.21030049800872802
train_accuracy: 0.9635714285714285
train_precision: 0.9689389991375116
train_recall: 0.9635714285714285
train_f1: 0.9636489539265808
train_roc_auc: 0.9997925170068026
train_log_loss: 0.21739396189509924
train_avg_precision: 0.99825082188993
train_mcc: 0.9601543219338945
val_accuracy: 0.39
val_precision: 0.5013276289817751
val_recall: 0.39
val_f1: 0.3868728217143835
val_roc_auc: 0.8288148148148149
val_log_loss: 1.8685507183675463
val_avg_precision: 0.4814547734247288
val_mcc: 0.33689969365456385
test_accuracy: 0.38
test_precision: 0.5492838716726481
test_recall: 0.38
test_f1: 0.3728310368053822
test_roc_auc: 0.8192962962962962
test_log_loss: 1.9341913882942967
test_avg_precision: 0.48244447740142626
test_mcc: 0.33039641852223467
