train_loss: 22.471772421961244
val_loss: 12.522381114959718
test_loss: 13.781245613098145
min_lr: 4.454731184014707e-05
max_lr: 0.002494649463048236
total_time: 6.231002330780029
average_epoch_time: 0.062227482795715335
train_mse: 21.64899253845215
train_mae: 3.6718719005584717
train_rmse: 4.652847788016727
train_r2: 0.7376548647880554
val_mse: 12.708625793457031
val_mae: 2.7695486545562744
val_rmse: 3.5649159588210537
val_r2: 0.8476330041885376
test_mse: 14.132265090942383
test_mae: 2.9313414096832275
test_rmse: 3.759290503664539
test_r2: 0.8471055030822754
