train_loss: 4.7580522765284
val_loss: 10.465126991271973
test_loss: 8.601501655578613
min_lr: 5.957549132630771e-06
max_lr: 0.000417028439284154
total_time: 51.050503730773926
average_epoch_time: 0.2542868447303772
train_mse: 4.879863262176514
train_mae: 1.5593945980072021
train_rmse: 2.209041254068496
train_r2: 0.9408652186393738
val_mse: 10.603035926818848
val_mae: 2.4098846912384033
val_rmse: 3.2562303245960424
val_r2: 0.8728774785995483
test_mse: 8.789687156677246
test_mae: 2.0910980701446533
test_rmse: 2.9647406558883436
test_r2: 0.9049059152603149
