train_loss: 0.44452793286605313
val_loss: 0.8526147723197937
test_loss: 0.8313787996768951
min_lr: 2.3568131409469164e-05
max_lr: 0.0006834758108746058
total_time: 54.427223682403564
average_epoch_time: 0.543814926147461
train_accuracy: 0.8178571428571428
train_precision: 0.829243094683124
train_recall: 0.8178571428571428
train_f1: 0.815172610753154
train_roc_auc: 0.9856836734693879
train_log_loss: 0.4456174930873262
train_avg_precision: 0.895019988211501
train_mcc: 0.7998206778208249
val_accuracy: 0.6833333333333333
val_precision: 0.682120094462063
val_recall: 0.6833333333333333
val_f1: 0.6687386694061909
val_roc_auc: 0.955111111111111
val_log_loss: 0.8303527027906644
val_avg_precision: 0.7611183623903689
val_mcc: 0.6513159401611619
test_accuracy: 0.7
test_precision: 0.7075543281828861
test_recall: 0.7
test_f1: 0.6901970526001713
test_roc_auc: 0.9566296296296296
test_log_loss: 0.8515226795643562
test_avg_precision: 0.7660359597208384
test_mcc: 0.6696745558576467
