train_loss: 4.895130458085434
val_loss: 10.608279466629028
test_loss: 7.8723828315734865
min_lr: 5.323070649903005e-06
max_lr: 0.0005216609236904945
total_time: 5.123063087463379
average_epoch_time: 0.05112296581268311
train_mse: 4.962603569030762
train_mae: 1.6250079870224
train_rmse: 2.2276901869494243
train_r2: 0.9398625493049622
val_mse: 10.718401908874512
val_mae: 2.3704395294189453
val_rmse: 3.273897052271881
val_r2: 0.8714942932128906
test_mse: 8.113390922546387
test_mae: 1.9936494827270508
test_rmse: 2.848401467937128
test_r2: 0.9122226238250732
