train_loss: 9.31805656267249
val_loss: 23.549726295471192
test_loss: 31.538209915161133
min_lr: 5.427489240838806e-05
max_lr: 0.0022252705887439105
total_time: 12.83970308303833
average_epoch_time: 0.06404598832130431
train_mse: 9.458587646484375
train_mae: 2.170966863632202
train_rmse: 3.075481693407453
train_r2: 0.8853796720504761
val_mse: 22.393346786499023
val_mae: 3.461451768875122
val_rmse: 4.732160900318059
val_r2: 0.731520414352417
test_mse: 32.353614807128906
test_mae: 3.814842700958252
test_rmse: 5.688023805077552
test_r2: 0.6499718427658081
