train_loss: 0.2772276479412209
val_loss: 0.5669834554195404
test_loss: 0.47650922238826754
min_lr: 1.8997485889341573e-06
max_lr: 0.0001025864238024445
total_time: 61.157763957977295
average_epoch_time: 0.6108433222770691
train_accuracy: 0.9021428571428571
train_precision: 0.9031869644088621
train_recall: 0.9021428571428571
train_f1: 0.9014131336629614
train_roc_auc: 0.9929172335600907
train_log_loss: 0.2766604142977054
train_avg_precision: 0.9418717244091791
train_mcc: 0.8915296559099951
val_accuracy: 0.8166666666666667
val_precision: 0.8186134690625791
val_recall: 0.8166666666666667
val_f1: 0.815794179379031
val_roc_auc: 0.9755925925925927
val_log_loss: 0.5626635304070788
val_avg_precision: 0.8607261196604814
val_mcc: 0.7967685954459451
test_accuracy: 0.8333333333333334
test_precision: 0.8340126552768352
test_recall: 0.8333333333333334
test_f1: 0.8298671631518275
test_roc_auc: 0.9799012345679011
test_log_loss: 0.48811672272655765
test_avg_precision: 0.8716907192043537
test_mcc: 0.8156913988098795
