train_loss: 0.28405351615087554
val_loss: 0.6358852177858353
test_loss: 0.6005033329129219
min_lr: 1.0093058873292561e-05
max_lr: 0.00047437376704475035
total_time: 41.92686462402344
average_epoch_time: 0.20959721207618714
train_accuracy: 0.8985714285714286
train_precision: 0.9021374307614056
train_recall: 0.8985714285714286
train_f1: 0.8969078563744348
train_roc_auc: 0.9934824263038549
train_log_loss: 0.2838485811860625
train_avg_precision: 0.9523637004752153
train_mcc: 0.8881866904568478
val_accuracy: 0.7833333333333333
val_precision: 0.7993774639905062
val_recall: 0.7833333333333333
val_f1: 0.7876957466214592
val_roc_auc: 0.9692469135802471
val_log_loss: 0.6427798622174474
val_avg_precision: 0.8347261678507684
val_mcc: 0.7605090231818272
test_accuracy: 0.8066666666666666
test_precision: 0.8083460789766408
test_recall: 0.8066666666666666
test_f1: 0.8030889021726082
test_roc_auc: 0.9726543209876544
test_log_loss: 0.6242303204565114
test_avg_precision: 0.8450937924813847
test_mcc: 0.7863899643104062
