train_loss: 4.591681806937508
val_loss: 12.3657696723938
test_loss: 7.4543962478637695
min_lr: 7.024035773149997e-05
max_lr: 0.0011238457237039996
total_time: 9.644181728363037
average_epoch_time: 0.048041054010391236
train_mse: 4.655536651611328
train_mae: 1.4775633811950684
train_rmse: 2.15766926372216
train_r2: 0.943583607673645
val_mse: 12.280364036560059
val_mae: 2.51543927192688
val_rmse: 3.504335034861829
val_r2: 0.8527675867080688
test_mse: 7.5380377769470215
test_mae: 2.005892038345337
test_rmse: 2.7455487205560605
test_r2: 0.9184472560882568
