train_loss: 11.50605634049229
val_loss: 14.043970680236816
test_loss: 20.132641792297363
min_lr: 1.6408407121248653e-05
max_lr: 0.0007219699133349407
total_time: 63.69789218902588
average_epoch_time: 0.3176107108592987
train_mse: 11.953210830688477
train_mae: 2.4673609733581543
train_rmse: 3.457341584322914
train_r2: 0.855149507522583
val_mse: 14.033186912536621
val_mae: 2.8909952640533447
val_rmse: 3.7460895494550877
val_r2: 0.8317525386810303
test_mse: 20.445968627929688
test_mae: 3.1262757778167725
test_rmse: 4.521721865388193
test_r2: 0.7787985801696777
