train_loss: 6.3897861605105195
val_loss: 21.253166580200194
test_loss: 24.760392951965333
min_lr: 3.886820665671097e-05
max_lr: 0.003886820665671097
total_time: 72.48968863487244
average_epoch_time: 0.3623483645915985
train_mse: 6.566435813903809
train_mae: 1.9716529846191406
train_rmse: 2.562505768560104
train_r2: 0.920427143573761
val_mse: 20.92165756225586
val_mae: 3.6023030281066895
val_rmse: 4.574019847164621
val_r2: 0.7491648197174072
test_mse: 25.422780990600586
test_mae: 3.4887242317199707
test_rmse: 5.042100850895446
test_r2: 0.7249553203582764
