train_loss: 16.211251694223154
val_loss: 22.763788986206055
test_loss: 47.28237724304199
min_lr: 1.1455092477432995e-05
max_lr: 0.00029783240441325786
total_time: 42.03358817100525
average_epoch_time: 0.20935896992683412
train_mse: 16.4185791015625
train_mae: 2.759199857711792
train_rmse: 4.051984588021344
train_r2: 0.8010376691818237
val_mse: 21.577007293701172
val_mae: 3.551809549331665
val_rmse: 4.645105735470525
val_r2: 0.7413077354431152
test_mse: 48.63805389404297
test_mae: 4.28432035446167
test_rmse: 6.974098787230001
test_r2: 0.47379326820373535
