train_loss: 0.6861727623776956
val_loss: 1.2480482101440429
test_loss: 1.1264868199825286
min_lr: 9.53821029380223e-06
max_lr: 0.0005627544073343316
total_time: 25.895445346832275
average_epoch_time: 0.1294405949115753
train_accuracy: 0.8357142857142857
train_precision: 0.8399035300948856
train_recall: 0.8357142857142857
train_f1: 0.8363242852672519
train_roc_auc: 0.9780340136054422
train_log_loss: 0.6870909679452974
train_avg_precision: 0.8877047106297535
train_mcc: 0.81778211591524
val_accuracy: 0.53
val_precision: 0.5632666760484099
val_recall: 0.53
val_f1: 0.5325935640446225
val_roc_auc: 0.9002592592592593
val_log_loss: 1.260662933103905
val_avg_precision: 0.5985488915502253
val_mcc: 0.4814049511199481
test_accuracy: 0.5766666666666667
test_precision: 0.6018250686934897
test_recall: 0.5766666666666667
test_f1: 0.5791912916581786
test_roc_auc: 0.9247407407407408
test_log_loss: 1.1096367509523561
test_avg_precision: 0.6540337692865876
test_mcc: 0.5319264691781912
