train_loss: 0.7964358712020128
val_loss: 14.852659320831298
test_loss: 12.755384254455567
min_lr: 0.00015610040971093342
max_lr: 0.014517338103116808
total_time: 22.937477111816406
average_epoch_time: 0.11451351165771484
train_mse: 0.8126139044761658
train_mae: 0.6233993768692017
train_rmse: 0.9014509994870302
train_r2: 0.9901526570320129
val_mse: 14.290382385253906
val_mae: 2.842636823654175
val_rmse: 3.7802622111771433
val_r2: 0.8286689519882202
test_mse: 12.749133110046387
test_mae: 2.51127028465271
test_rmse: 3.570592823334297
test_r2: 0.8620693683624268
