train_loss: 0.2854235426268794
val_loss: 0.5178021386265754
test_loss: 0.46133865118026735
min_lr: 3.2241991991972234e-05
max_lr: 0.0027083273273256674
total_time: 153.15785884857178
average_epoch_time: 0.765568128824234
train_accuracy: 0.8971428571428571
train_precision: 0.9053647065382704
train_recall: 0.8971428571428571
train_f1: 0.8947049038028976
train_roc_auc: 0.993409863945578
train_log_loss: 0.28573212920962704
train_avg_precision: 0.9488010881430565
train_mcc: 0.8872532241584102
val_accuracy: 0.8233333333333334
val_precision: 0.8278652597402598
val_recall: 0.8233333333333334
val_f1: 0.8175992929609942
val_roc_auc: 0.9736296296296296
val_log_loss: 0.5245882394048693
val_avg_precision: 0.8534621122630476
val_mcc: 0.8060756627998099
test_accuracy: 0.83
test_precision: 0.8334755484023776
test_recall: 0.83
test_f1: 0.8262846611201967
test_roc_auc: 0.9811851851851852
test_log_loss: 0.4563783653904963
test_avg_precision: 0.8704556569880638
test_mcc: 0.8127079956602244
