train_loss: 5.406568744908208
val_loss: 10.620546436309814
test_loss: 6.987590360641479
min_lr: 0.00010650813819422999
max_lr: 0.00926620802289801
total_time: 13.58798360824585
average_epoch_time: 0.06786862134933472
train_mse: 5.243175983428955
train_mae: 1.685095191001892
train_rmse: 2.2897982407690325
train_r2: 0.9364625215530396
val_mse: 10.799720764160156
val_mae: 2.4313201904296875
val_rmse: 3.2862928603762867
val_r2: 0.8705193996429443
test_mse: 7.024660587310791
test_mae: 1.979384183883667
test_rmse: 2.6504076266323247
test_r2: 0.9240013957023621
