train_loss: 0.20339577831327915
val_loss: 0.5447899639606476
test_loss: 0.5064302206039428
min_lr: 3.3365350030833525e-05
max_lr: 0.002469035902281681
total_time: 46.65000009536743
average_epoch_time: 0.4659663200378418
train_accuracy: 0.9457142857142857
train_precision: 0.9475769964102079
train_recall: 0.9457142857142857
train_f1: 0.9452259777450129
train_roc_auc: 0.9947097505668933
train_log_loss: 0.20400842711526793
train_avg_precision: 0.9595484466722474
train_mcc: 0.940018853754418
val_accuracy: 0.8166666666666667
val_precision: 0.818597903855844
val_recall: 0.8166666666666667
val_f1: 0.8126434161300481
val_roc_auc: 0.9778888888888889
val_log_loss: 0.5330483491741067
val_avg_precision: 0.8598838519561948
val_mcc: 0.7975378771982232
test_accuracy: 0.82
test_precision: 0.8233642959992402
test_recall: 0.82
test_f1: 0.8186693584395371
test_roc_auc: 0.9789382716049384
test_log_loss: 0.5150694511623604
test_avg_precision: 0.8533762323571652
test_mcc: 0.8007615799559831
