train_loss: 0.16271868475120177
val_loss: 0.6642010033130645
test_loss: 0.5750457435846329
min_lr: 4.0718653499904444e-06
max_lr: 0.0003216773626492451
total_time: 28.01615262031555
average_epoch_time: 0.2800548505783081
train_accuracy: 0.9521428571428572
train_precision: 0.9542390326809452
train_recall: 0.9521428571428572
train_f1: 0.9518810335815038
train_roc_auc: 0.9986683673469389
train_log_loss: 0.16315978543371412
train_avg_precision: 0.9898372331422302
train_mcc: 0.9471325667193884
val_accuracy: 0.79
val_precision: 0.79548747307368
val_recall: 0.79
val_f1: 0.7878013003911345
val_roc_auc: 0.9669382716049383
val_log_loss: 0.645911749495716
val_avg_precision: 0.8301436569963021
val_mcc: 0.7679952149256283
test_accuracy: 0.81
test_precision: 0.8186379928315412
test_recall: 0.81
test_f1: 0.8111662298003984
test_roc_auc: 0.9739382716049382
test_log_loss: 0.589022074610322
test_avg_precision: 0.8545388756496821
test_mcc: 0.7897180406285353
