train_loss: 0.37900594825094397
val_loss: 0.6600094437599182
test_loss: 0.5017148077487945
min_lr: 0.0003591676689602971
max_lr: 0.035557599227069414
total_time: 17.463631868362427
average_epoch_time: 0.1744195795059204
train_accuracy: 0.8242857142857143
train_precision: 0.8268625443392315
train_recall: 0.8242857142857143
train_f1: 0.7951884777737614
train_roc_auc: 0.9826751700680271
train_log_loss: 0.3791407256255217
train_avg_precision: 0.8572280601878258
train_mcc: 0.8130385834222175
val_accuracy: 0.78
val_precision: 0.7867848020434227
val_recall: 0.78
val_f1: 0.7607800283431878
val_roc_auc: 0.9668395061728396
val_log_loss: 0.6596666905378176
val_avg_precision: 0.7968310302339261
val_mcc: 0.7622858535545612
test_accuracy: 0.8033333333333333
test_precision: 0.8208293941052562
test_recall: 0.8033333333333333
test_f1: 0.7789003018677877
test_roc_auc: 0.9776419753086422
test_log_loss: 0.506540233473083
test_avg_precision: 0.8397270558596105
test_mcc: 0.7884922659814284
