train_loss: 0.33155125921422784
val_loss: 0.6063369125127792
test_loss: 0.4797052159905434
min_lr: 0.00025819619446033133
max_lr: 0.011360632556254578
total_time: 129.2713315486908
average_epoch_time: 0.6462319767475129
train_accuracy: 0.845
train_precision: 0.8374818957679244
train_recall: 0.845
train_f1: 0.8142753121241639
train_roc_auc: 0.9891320861678005
train_log_loss: 0.33190704448587016
train_avg_precision: 0.9065026085445902
train_mcc: 0.8366150765110549
val_accuracy: 0.77
val_precision: 0.7358978390702529
val_recall: 0.77
val_f1: 0.74183839428677
val_roc_auc: 0.9731604938271605
val_log_loss: 0.5928951456161268
val_avg_precision: 0.8285308181265593
val_mcc: 0.7516616374660083
test_accuracy: 0.8133333333333334
test_precision: 0.8660627760208994
test_recall: 0.8133333333333334
test_f1: 0.7832688334263261
test_roc_auc: 0.9786296296296296
test_log_loss: 0.49794222018228945
test_avg_precision: 0.844764362558005
test_mcc: 0.8009825741416798
