train_loss: 9.122415356014086
val_loss: 11.685716342926025
test_loss: 10.73412446975708
min_lr: 0.00033149973713555184
max_lr: 0.011602490799744314
total_time: 7.04860782623291
average_epoch_time: 0.07037712574005127
train_mse: 9.401108741760254
train_mae: 2.1661324501037598
train_rmse: 3.066122753863624
train_r2: 0.8860762119293213
val_mse: 11.873712539672852
val_mae: 2.7579848766326904
val_rmse: 3.4458253785809942
val_r2: 0.8576430082321167
test_mse: 10.890946388244629
test_mae: 2.596371650695801
test_rmse: 3.3001433890430625
test_r2: 0.882172703742981
