train_loss: 3.671067802802376
val_loss: 11.646252918243409
test_loss: 8.490076303482056
min_lr: 4.431020196918553e-05
max_lr: 0.0029687835319354306
total_time: 16.35110592842102
average_epoch_time: 0.08161203980445862
train_mse: 3.714642286300659
train_mae: 1.4277846813201904
train_rmse: 1.9273407291656188
train_r2: 0.954985499382019
val_mse: 11.853472709655762
val_mae: 2.337190628051758
val_rmse: 3.4428872635704706
val_r2: 0.8578856587409973
test_mse: 8.602123260498047
test_mae: 2.1351912021636963
test_rmse: 2.932937650291606
test_r2: 0.9069350957870483
