train_loss: 2.2163895938707436
val_loss: 11.176361179351806
test_loss: 7.406284618377685
min_lr: 2.537623322213657e-05
max_lr: 0.0004567721979984582
total_time: 12.530820369720459
average_epoch_time: 0.06252813458442688
train_mse: 2.220806360244751
train_mae: 1.1157399415969849
train_rmse: 1.4902370147881683
train_r2: 0.9730879664421082
val_mse: 11.262611389160156
val_mae: 2.3471720218658447
val_rmse: 3.3559814345672647
val_r2: 0.8649696707725525
test_mse: 7.5844340324401855
test_mae: 2.0017294883728027
test_rmse: 2.7539851184129853
test_r2: 0.9179453253746033
