train_loss: 2.2310939564005188
val_loss: 14.500502872467042
test_loss: 19.55713024139404
min_lr: 2.1097218503430086e-05
max_lr: 0.0018565552283018474
total_time: 75.17997169494629
average_epoch_time: 0.3750112760066986
train_mse: 2.3164823055267334
train_mae: 1.2225418090820312
train_rmse: 1.5219994433398238
train_r2: 0.971928596496582
val_mse: 14.271510124206543
val_mae: 2.578270435333252
val_rmse: 3.7777652288365595
val_r2: 0.8288952112197876
test_mse: 19.86031723022461
test_mae: 2.989572525024414
test_rmse: 4.456491583098145
test_r2: 0.7851346731185913
