train_loss: 1.9000050373699353
val_loss: 9.967005300521851
test_loss: 7.744596147537232
min_lr: 1.441424794835541e-05
max_lr: 0.0006774696535727043
total_time: 28.688883543014526
average_epoch_time: 0.1430228316783905
train_mse: 1.8062816858291626
train_mae: 1.0337693691253662
train_rmse: 1.3439797936833584
train_r2: 0.9781112670898438
val_mse: 10.083061218261719
val_mae: 2.266552686691284
val_rmse: 3.1753836332420873
val_r2: 0.8791115880012512
test_mse: 7.774046897888184
test_mae: 2.053338050842285
test_rmse: 2.788197786723206
test_r2: 0.9158939123153687
