train_loss: 3.1039793413618337
val_loss: 10.38539390563965
test_loss: 12.512206935882569
min_lr: 2.4086371529888614e-05
max_lr: 0.0012524913195542079
total_time: 27.155713319778442
average_epoch_time: 0.2704893064498901
train_mse: 3.0857982635498047
train_mae: 1.3142050504684448
train_rmse: 1.7566440343876744
train_r2: 0.962605893611908
val_mse: 10.495572090148926
val_mae: 2.2048168182373047
val_rmse: 3.239687035833697
val_r2: 0.8741658926010132
test_mse: 12.870678901672363
test_mae: 2.36566162109375
test_rmse: 3.5875728426991365
test_r2: 0.8607543706893921
