# Overall best trial re-evaluation across model seeds
trial_number: 34
patch_size: 5
val_objective_best: 3.187639
direction: minimize
seeds: [0, 1, 2, 3, 4]
per_seed_metrics:
  - seed: 0
      train_loss: 2.886516
      val_loss: 14.379689
      test_loss: 8.606838
      min_lr: 0.000024
      max_lr: 0.001252
      total_time: 27.406624
      average_epoch_time: 0.273075
      train_mse: 2.952669
      train_mae: 1.280921
      train_rmse: 1.718333
      train_r2: 0.964219
      val_mse: 14.421394
      val_mae: 2.626144
      val_rmse: 3.797551
      val_r2: 0.827098
      test_mse: 8.587080
      test_mae: 2.195241
      test_rmse: 2.930372
      test_r2: 0.907098
  - seed: 1
      train_loss: 3.968057
      val_loss: 12.479548
      test_loss: 11.416484
      min_lr: 0.000024
      max_lr: 0.001252
      total_time: 27.157552
      average_epoch_time: 0.270466
      train_mse: 3.667451
      train_mae: 1.489096
      train_rmse: 1.915059
      train_r2: 0.955557
      val_mse: 12.861613
      val_mae: 2.473101
      val_rmse: 3.586309
      val_r2: 0.845799
      test_mse: 11.536297
      test_mae: 2.374385
      test_rmse: 3.396512
      test_r2: 0.875191
  - seed: 2
      train_loss: 9.319485
      val_loss: 15.356109
      test_loss: 13.324011
      min_lr: 0.000024
      max_lr: 0.001252
      total_time: 27.163713
      average_epoch_time: 0.270882
      train_mse: 9.511506
      train_mae: 2.122992
      train_rmse: 3.084073
      train_r2: 0.884738
      val_mse: 15.703005
      val_mae: 3.018009
      val_rmse: 3.962702
      val_r2: 0.811733
      test_mse: 13.465154
      test_mae: 2.599733
      test_rmse: 3.669490
      test_r2: 0.854323
  - seed: 3
      train_loss: 1.857157
      val_loss: 13.023281
      test_loss: 11.983938
      min_lr: 0.000024
      max_lr: 0.001252
      total_time: 27.033561
      average_epoch_time: 0.269173
      train_mse: 1.677348
      train_mae: 0.964909
      train_rmse: 1.295125
      train_r2: 0.979674
      val_mse: 13.257294
      val_mae: 2.491675
      val_rmse: 3.641057
      val_r2: 0.841055
      test_mse: 12.365495
      test_mae: 2.335585
      test_rmse: 3.516461
      test_r2: 0.866220
  - seed: 4
      train_loss: 3.103979
      val_loss: 10.385394
      test_loss: 12.512207
      min_lr: 0.000024
      max_lr: 0.001252
      total_time: 27.155713
      average_epoch_time: 0.270489
      train_mse: 3.085798
      train_mae: 1.314205
      train_rmse: 1.756644
      train_r2: 0.962606
      val_mse: 10.495572
      val_mae: 2.204817
      val_rmse: 3.239687
      val_r2: 0.874166
      test_mse: 12.870679
      test_mae: 2.365662
      test_rmse: 3.587573
      test_r2: 0.860754
aggregates:
  train_loss:
    mean: 4.227039
    std: 2.944261
  val_loss:
    mean: 13.124804
    std: 1.902925
  test_loss:
    mean: 11.568696
    std: 1.798578
  min_lr:
    mean: 0.000024
    std: 0.000000
  max_lr:
    mean: 0.001252
    std: 0.000000
  total_time:
    mean: 27.183433
    std: 0.136109
  average_epoch_time:
    mean: 0.270817
    std: 0.001417
  train_mse:
    mean: 4.178954
    std: 3.068165
  train_mae:
    mean: 1.434425
    std: 0.428828
  train_rmse:
    mean: 1.953847
    std: 0.672158
  train_r2:
    mean: 0.949359
    std: 0.037180
  val_mse:
    mean: 13.347776
    std: 1.941608
  val_mae:
    mean: 2.562749
    std: 0.296852
  val_rmse:
    mean: 3.645461
    std: 0.270159
  val_r2:
    mean: 0.839970
    std: 0.023278
  test_mse:
    mean: 11.764941
    std: 1.912140
  test_mae:
    mean: 2.374121
    std: 0.145306
  test_rmse:
    mean: 3.420081
    std: 0.291512
  test_r2:
    mean: 0.872717
    std: 0.020687
