train_loss: 0.20163832858882166
val_loss: 0.604218703508377
test_loss: 0.5357160836458206
min_lr: 1.4193350009946364e-05
max_lr: 0.00031225370021882
total_time: 32.59678268432617
average_epoch_time: 0.16288811445236206
train_accuracy: 0.9414285714285714
train_precision: 0.9501407469672628
train_recall: 0.9414285714285714
train_f1: 0.9407858009175446
train_roc_auc: 0.9977380952380953
train_log_loss: 0.20170690696072638
train_avg_precision: 0.9848028528666404
train_mcc: 0.9360547760763561
val_accuracy: 0.8066666666666666
val_precision: 0.8152483886829998
val_recall: 0.8066666666666666
val_f1: 0.7981730688618262
val_roc_auc: 0.9708641975308642
val_log_loss: 0.6122512952424247
val_avg_precision: 0.8333394152522033
val_mcc: 0.7889538926482058
test_accuracy: 0.7933333333333333
test_precision: 0.7967363165128544
test_recall: 0.7933333333333333
test_f1: 0.7830092916867529
test_roc_auc: 0.9789259259259259
test_log_loss: 0.5358823678037332
test_avg_precision: 0.8687594532513477
test_mcc: 0.7739040002794211
