train_loss: 2.6840094587077266
val_loss: 10.348304653167725
test_loss: 7.1491881847381595
min_lr: 5.923784670841765e-05
max_lr: 0.002191800328211453
total_time: 35.30355787277222
average_epoch_time: 0.17605960011482238
train_mse: 2.7518482208251953
train_mae: 1.3054224252700806
train_rmse: 1.6588695611244408
train_r2: 0.9666527509689331
val_mse: 10.345499038696289
val_mae: 2.290466547012329
val_rmse: 3.2164419843510763
val_r2: 0.8759651184082031
test_mse: 7.292577743530273
test_mae: 2.0371057987213135
test_rmse: 2.700477317721864
test_r2: 0.9211028814315796
