train_loss: 0.21898509020155127
val_loss: 0.4172847270965576
test_loss: 0.35436348170042037
min_lr: 9.140622208378998e-06
max_lr: 0.00021023431079271695
total_time: 77.48033094406128
average_epoch_time: 0.7740242290496826
train_accuracy: 0.9021428571428571
train_precision: 0.9145965090090733
train_recall: 0.9021428571428571
train_f1: 0.8965385240719199
train_roc_auc: 0.9940028344671202
train_log_loss: 0.21900859714820928
train_avg_precision: 0.9458509079344337
train_mcc: 0.8942077092076497
val_accuracy: 0.84
val_precision: 0.86272067809832
val_recall: 0.84
val_f1: 0.8328762547606982
val_roc_auc: 0.982716049382716
val_log_loss: 0.40745740401360364
val_avg_precision: 0.9037536859929095
val_mcc: 0.8269214629675756
test_accuracy: 0.8666666666666667
test_precision: 0.8786848850946215
test_recall: 0.8666666666666667
test_f1: 0.8618069202746439
test_roc_auc: 0.990604938271605
test_log_loss: 0.35835526289972297
test_avg_precision: 0.9268441268169749
test_mcc: 0.8542704351854254
