train_loss: 2.585601568222046
val_loss: 13.91982135772705
test_loss: 6.93399076461792
min_lr: 5.6831165732232685e-05
max_lr: 0.005626285407491036
total_time: 74.5618486404419
average_epoch_time: 0.37266239285469055
train_mse: 2.6287600994110107
train_mae: 1.1868430376052856
train_rmse: 1.6213451512281432
train_r2: 0.9681443572044373
val_mse: 14.190387725830078
val_mae: 2.7986769676208496
val_rmse: 3.7670131040162413
val_r2: 0.8298677802085876
test_mse: 7.0245490074157715
test_mae: 1.9301667213439941
test_rmse: 2.6503865769762287
test_r2: 0.9240026473999023
