train_loss: 0.09116069523786957
val_loss: 0.5481463074684143
test_loss: 0.4966482758522034
min_lr: 7.860901060127366e-06
max_lr: 0.00014935712014241997
total_time: 53.7128689289093
average_epoch_time: 0.26853701114654543
train_accuracy: 0.9878571428571429
train_precision: 0.9879707061451029
train_recall: 0.9878571428571429
train_f1: 0.9878480021298975
train_roc_auc: 0.9997239229024942
train_log_loss: 0.09142231433619427
train_avg_precision: 0.9982206074784806
train_mcc: 0.9865230364658931
val_accuracy: 0.8366666666666667
val_precision: 0.8431555793814922
val_recall: 0.8366666666666667
val_f1: 0.8365330443787772
val_roc_auc: 0.9744814814814814
val_log_loss: 0.5441038460970321
val_avg_precision: 0.8498900608839366
val_mcc: 0.8192470620704198
test_accuracy: 0.8233333333333334
test_precision: 0.8315963040135366
test_recall: 0.8233333333333334
test_f1: 0.8220103253802037
test_roc_auc: 0.9790493827160492
test_log_loss: 0.5079212568667948
test_avg_precision: 0.8725063885077814
test_mcc: 0.8050964330379775
